-132.0
-130.0
-129.5
-127.5
-127.0
-125.0
-124.5
-122.5
-122.0
-120.0
-119.5
-117.5
-117.0
-115.0
-114.5
-112.5
-112.0
-110.0
-109.5
-107.5
-107.0
-105.0
-104.5
-102.5
-102.0
-100.0
-99.5
-97.5
-97.0
-95.0
-94.5
-92.5
-92.0
-90.0
-89.5
-87.5
-87.0
-85.0
-84.5
-82.5
-82.0
-80.0
-79.5
-77.5
-77.0
-75.0
-74.5
-72.5
-72.0
-70.0
-69.5
-67.5
-67.0
-65.0
-64.5
-62.5
-62.0
-60.0
-59.5
-57.5
-57.0
-55.0
-54.5
-52.5
-52.0
-50.0
-49.5
-47.5
-47.0
-45.0
-44.5
-42.5
-42.0
-40.0
-39.5
-37.5
-37.0
-35.0
-34.5
-32.5
-32.0
-30.0
-29.5
-27.5
-27.0
-25.0
-24.5
-22.5
-22.0
-20.0
-19.5
-17.5
-17.0
-15.0
-14.5
-12.5
-12.0
-10.0
-9.5
-7.5
-7.0
-5.0
-4.5
-2.5
-2.0
0.0
2.0
2.5
4.5
5.0
7.0
7.5
9.5
10.0
12.0
12.5
14.5
15.0
17.0
17.5
19.5
20.0
22.0
22.5
24.5
25.0
27.0
27.5
29.5
30.0
32.0
32.5
34.5
35.0
37.0
37.5
39.5
40.0
42.0
42.5
44.5
45.0
47.0
47.5
49.5
50.0
52.0
52.5
54.5
55.0
57.0
57.5
59.5
60.0
62.0
62.5
64.5
65.0
67.0
67.5
69.5
70.0
72.0
72.5
74.5
75.0
77.0
77.5
79.5
80.0
82.0
82.5
84.5
85.0
87.0
87.5
89.5
90.0
92.0
92.5
94.5
95.0
97.0
97.5
99.5
100.0
102.0
102.5
104.5
105.0
107.0
107.5
109.5
110.0
112.0
112.5
114.5
115.0
117.0
117.5
119.5
120.0
122.0
122.5
124.5
125.0
127.0
127.5
129.5
130.0
132.0
